 09 01 1e 00 ee 02 90 09 01 1e 00 01 03 70 01 ff f4 02 90 00 00 01 fa 02 02 90 00 00 00 64 03 01 00 00 00 00 0c 00 4b 02 90 02 09 01 f5 04 03 50 04 05 02 90 03 09 00 5f 06 03 50 06 07 03 50 06
 0c 03 50 06 0d 03 50 06 0e 03 50 06 0f 03 50 04 08 03 50 04 09 03 50 04 0a 02 90 09 fe ac 00 0b 02 90 00 00 00 04 01 05 54 10 10 10 09 01 f1 02 90 0b 54 05 01 04 02 90 0b 54 06 01 05 02 90 0b
 54 0c 01 06 02 90 0b 54 0d 01 0c 02 90 0b 54 0e 01 0d 02 90 0b 54 0f 01 0e 02 90 0b 54 07 01 0f 02 90 0b 54 08 01 07 02 90 0b 54 09 01 08 02 90 0b 54 0a 01 09 02 90 09 01 6a 01 0a 02 90 09 00
 9e 00 0b 02 90 00 00 00 00 01 09 01 93 01 00 00 00 00 01 00 00 00 00 01 00 00 00 00 01 00 00 00 00 01 00 00 00 00 01 00 00 00 00 10 40 02 ff ff ff ff 00 00 00 00 01 00 00 00 00 01 00 00 00 00
 09 00 1e 10 40 02 10 40 02 10 40 02 10 40 02 01 00 00 00 00 01 00 00 00 00 01 00 00 00 00 02 d0 ff d0 05 03 70 05 00 06 01 00 00 00 01 03 70 10 fe d3 02 90 00 00 00 00 06 02 90 00 00 00 00 07
 02 90 00 00 00 00 08 02 90 00 00 00 00 0b 02 90 00 00 00 00 0c 02 90 00 00 00 00 0d 02 90 00 00 00 00 0e 02 90 00 00 00 00 0f 06 54 01 01 10 09 00 2a 0c 00 4b 02 90 0b 54 05 04 05 02 90 0b 54
 05 04 09 02 90 0b 54 09 04 0a 02 90 00 00 00 0a 04 05 54 10 10 10 09 00 6e 0c 00 48 02 90 05 04 06 01 05 02 90 09 04 08 09 0a 03 50 05 09 02 90 00 00 00 0c 04 05 54 10 10 10 09 00 4a 02 90 00
 00 00 00 07 03 50 05 09 02 90 01 f4 00 00 0a 10 40 01 02 90 00 00 00 10 04 05 54 10 10 10 09 00 26 01 00 00 00 01 02 90 09 09 09 01 05 03 50 05 09 03 50 09 0a 02 90 00 00 01 ff 04 05 54 10 10
 10 09 00 03 02 90 00 00 01 ef 08 04 54 10 10 10 0b 54 0a 08 04 09 01 f4 10 40 04 10 40 04 10 40 04 01 00 00 00 00 01 00 00 00 00 01 00 00 00 00 01 00 00 00 00 01 00 00 00 00 01 00 00 00 00 01
 00 00 00 00 01 00 00 00 00 01 00 00 00 00 01 00 00 00 00 01 00 00 00 00 01 00 00 00 00 0b 58 04 01 01 f9 09 01 f3 00 00 00 00 00 00 00 00 00 00 00 00 00 00 00 00 00 00 00 00 00 00 00 00 00 00
 00 00 00 00 00 00 00 00 00 00 00 00 00 00 00 00 00 00 00 00 00 00 00 00 00 00 00 00 00 00 00 00 00 00 00 00 00 00 00 00 00 00 00 00 00 00 00 00 00 00 00 00 00 00 00 00 00 00 00 00 00 00 00 00
 00 00 00 00 00 00 00 00 00 00 00 00 00 00 00 00 00 00 00 00 00 00 00 00 00 00 00 00 00 00 00 00 00 00 00 00 00 00 00 00 00 00 00 00 00 00 00 00 00 00 00 00 00 00 00 00 00 00 00 00 00 00 00 00
 00 00 00 00 00 00 00 00 00 00 00 00 00 00 00 00 00 00 00 00 00 00 00 00 00 00 00 00 00 00 00 00 00 00 00 00 00 00 00 00 00 00 00 00 00 00 00 00 00 00 00 00 00 00 00 00 00 00 00 00 00 00 00 00
 00 00 00 00 00 00 00 00 00 00 00 00 00 00 00 00 00 00 00 00 00 00 00 00 00 00 00 00 00 00 00 00 00 00 00 00 00 00 00 00 00 00 00 00 00 00 00 00 00 00 00 00 00 00 00 00 00 00 00 00 00 00 00 00
 00 00 00 00 00 00 00 00 00 00 00 00 00 00 00 00 00 00 00 00 00 00 00 00 00 00 00 00 00 00 00 00 00 00 00 00 00 00 00 00 00 00 00 00 00 00 00 00 00 00 00 00 00 00 00 00 00 00 00 00 00 00 00 00
 00 00 00 00 00 00 00 00 00 00 00 00 00 00 00 00 00 00 00 00 00 00 00 00 00 00 00 00 00 00 00 00 00 00 00 00 00 00 00 00 00 00 00 00 00 00 00 00 00 00 00 00 00 00 00 00 00 00 00 00 00 00 00 00
 00 00 00 00 00 00 00 00 00 00 00 00 00 00 00 00 00 00 00 00 00 00 00 00 00 00 00 00 00 00 00 00 00 00 00 00 00 00 00 00 00 00 00 00 00 00 00 00 00 00 00 00 00 00 00 00 00 00 00 00 00 00 00 00
 00 00 00 00 00 00 00 00 00 00 00 00 00 00 00 00 00 00 00 00 00 00 00 00 00 00 00 00 00 00 00 00 00 00 00 00 00 00 00 00 00 00 00 00 00 00 00 00 00 00 00 00 00 00 00 00 00 00 00 00 00 00 00 00
 00 00 00 00 00 00 00 00 00 00 00 00 00 00 00 00 00 00 00 00 00 00 00 00 00 00 00 00 00 00 00 00 00 00 00 00 00 00 00 00 00 00 00 00 00 00 00 00 00 00 00 00 00 00 00 00 00 00 00 00 00 00 00 00
 00 00 00 00 00 00 00 00 00 00 00 00 00 00 00 00 00 00 00 00 00 00 00 00 00 00 00 00 00 00 00 00 00 00 00 00 00 00 00 00 00 00 00 00 00 00 00 00 00 00 00 00 00 00 00 00 00 00 00 00 00 00 00 00
 00 00 00 00 00 00 00 00 00 00 00 00 00 00 00 00 00 00 00 00 00 00 00 00 00 00 00 00 00 00 00 00 00 00 00 00 00 00 00 00 00 00 00 00 00 00 00 00 00 00 00 00 00 00 00 00 00 00 00 00 00 00 00 00
 00 00 00 00 00 00 00 00 00 00 00 00 00 00 00 00 00 00 00 00 00 00 00 00 00 00 00 00 00 00 00 00 00 00 00 00 00 00 00 00 00 00 00 00 00 00 00 00 00 00 00 00 00 00 00